-9.184939848879972862e-03
2.638069494937856918e-01
2.543069619763021691e-02
9.435607146782179488e-02
-1.391589446526874385e-01
-1.409377856180071831e-01
1.163957006220395357e-01
-6.932080710151543312e-02
1.540707026608288399e-01
-2.508095765796800602e-01
-1.623407507315278164e-01
-2.147375716497966491e-01
1.457617844842995225e-01
-2.280635398191710184e-01
1.427661322134857469e-01
-3.046818840938309569e-01
1.138764764376295124e-03
-1.645582301503357714e-01
-4.319677614451696707e-02
6.343344869480158077e-02
1.247628800959015849e-01
6.538540283096759553e-02
-2.186447442955492815e-01
5.313960422936361144e-02
-1.345081118245919638e-01
-2.370756525032144679e-01
-1.017756068991730045e-01
-1.913103326922282466e-01
1.920058358033808477e-01
4.009578223029772182e-01
3.545022475377966886e-01
-1.345826439268421326e-01
9.333800054155290404e-02
2.171944223654766748e-01
3.007546979545926147e-02
-7.615338722243905623e-02
-2.016615142153265622e-02
-8.793030179416140568e-02
2.228546388447284754e-01
-2.109775689508145216e-02
-1.018611561080130373e-01
9.623120121971927288e-02
-1.471182213843955366e-01
1.042071000362436023e-01
-1.823034284869208821e-01
-1.840991680743172820e-01
-3.667985691766564860e-02
1.628015708178281729e-01
-2.759708878584206104e-01
-1.959211900248192251e-02
-9.706393360296108885e-02
1.229458974053462411e-01
4.057388139820735512e-02
8.025313237061103278e-02
-2.243243150490646654e-02
5.417491125990636300e-03
-1.718292947379571334e-01
2.544215097635363701e-02
-9.791233816261714351e-02
1.050233045980955154e-01
-1.683983851961481093e-01
-1.818035968307716022e-01
-1.643884725713481432e-01
1.829877388236733904e-01
5.246657116649051655e-01
-9.315629840906088088e-02
-1.610341487064336774e-01
-2.865906860601777906e-01
-1.575430610838035872e-01
-2.569983806925544290e-01
-9.751592013829697703e-02
2.187907997285947204e-01
-8.216011057374998650e-02
3.635971888094597371e-01
-2.720258354675024748e-01
-3.479299619405840788e-02
-2.882955919718369620e-01
7.417411225615069825e-02
-8.961254420379798080e-02
-2.512689353898167610e-02
-1.400995297435050080e-01
-3.299046196062894176e-01
2.518676691688597202e-01
-4.025812705319064405e-02
1.869274885471289283e-01
4.691181911776463043e-01
5.090129145416236872e-02
1.074962054301674130e-01
2.507869781344197468e-01
1.136002087926802490e-02
-3.247712080337805673e-02
1.161394747420369314e-02
1.634286691240655898e-01
1.565710171513880200e-02
-2.212979286753883126e-02
-2.053374284567932306e-01
1.051504723538528169e-01
2.024585806379036457e-01
-2.743569773311416160e-01
-1.419682214812686104e-03
