3.482527232898229713e-02
3.866191845612995670e-01
3.452934935745416434e-02
9.522118621195356514e-02
-1.025265689205491215e-01
-9.005208045357104840e-02
7.738010765575437100e-02
-5.863402964138059170e-02
1.055517097031979795e-01
-1.959555612058576368e-01
-1.189176802782281883e-01
-1.197758158527766209e-01
1.341117018777312764e-01
-2.168365676453421764e-01
1.693716268901797883e-01
-3.219323163767429663e-01
-4.454395011293165590e-02
-7.550857069013132417e-02
-3.673660705416378902e-02
-4.477081093654939475e-02
2.476490024533687107e-01
6.164216823085690716e-02
-1.399518796313328206e-01
2.286889054106943514e-02
-1.395351792713027395e-01
-1.328221119545174300e-01
-1.430675775909824587e-01
-3.187881966093272790e-01
2.343789853709467574e-01
3.352687442393014194e-01
3.807086135176094843e-01
-1.115767720234130539e-01
2.056085629120582015e-01
2.450707709896519371e-01
3.186111554334109669e-02
-1.455415969319415748e-01
-4.349190269766205902e-02
-2.787596444726329059e-01
2.450133577327836543e-01
-4.648129510777918028e-02
-8.367545063127622418e-02
6.016539638530406242e-02
-2.346674799566354774e-01
1.978215424213417284e-01
-2.420347611998405479e-01
-2.046836338175291314e-01
-5.045965229245749466e-03
9.776619364592162298e-02
-1.989191429580166592e-01
-3.398360739546743559e-02
-1.849107578763681814e-01
1.892714748921042189e-01
3.431652477240387800e-02
-2.552633962918524416e-02
-2.233885044838781683e-02
-2.818556976236515771e-02
1.373874950822386379e-02
-1.973210092471686661e-01
-1.349684368875442020e-01
1.831539134410294645e-01
-2.912172975060953184e-01
-1.912875880317931876e-01
-1.348769676053162836e-01
2.319084790069609880e-01
5.742391486172423454e-01
-3.007143426996966018e-01
-1.020916810287444826e-01
-2.236172770164116808e-01
-1.172635901232503969e-01
-2.536822570431412904e-01
-3.913148560307242591e-02
3.378278238585952220e-02
-3.580287309137709234e-02
4.454159393455042748e-01
-2.922132658969723851e-01
-6.916834025954206322e-02
-4.428919705026077569e-01
1.988728975623168804e-01
4.242529152807864024e-02
-7.351998557251962670e-03
-7.850920299604309538e-02
-2.010475783749963163e-01
3.213233690105632423e-01
4.987225642032695749e-03
2.574444492770867066e-01
4.910678673380364789e-01
7.864052538625952715e-02
9.732214384006732111e-02
2.636213662159262450e-01
-3.316992710372715369e-02
8.179422835316720042e-02
4.461177403925720153e-02
1.607073723077491745e-01
9.970023959987995080e-03
-3.562647768271607479e-02
-2.339604028401839897e-01
1.858081528634736024e-01
2.168374810029159994e-01
-2.124749130400067076e-01
1.278543873040965118e-01
