6.166359802777383881e-02
4.274427075357921657e-01
8.279505741604148428e-02
2.834326917543373084e-02
-7.934811935348912160e-02
-4.734005092920616845e-03
-3.633261646795522826e-02
-1.233235500416064549e-02
-5.831823840568912259e-02
-2.060876149396867751e-01
-1.448402640786259632e-01
-1.487333426026607730e-01
2.305058283295403077e-01
-8.860128388759937190e-02
1.775977338634510683e-01
-2.397532346317831908e-01
6.053690079406418706e-02
-1.592913240075428394e-01
-3.178552916630151409e-02
6.994584426680143519e-02
1.493891606781076742e-01
5.372683135198151605e-02
-2.032072836065050569e-01
9.397878417834401588e-02
-2.405224549534552281e-01
-1.469448628450141237e-01
-9.048750206699317233e-02
-2.791105136869752590e-01
1.478913487975505314e-01
3.631129896248433409e-01
2.911997796333533617e-01
-7.437688927421597096e-02
2.430981852589769454e-01
2.098428293507783871e-01
1.503294369830016630e-01
-2.324991008871175602e-01
-8.822965299762647318e-02
-8.972110272821118282e-02
2.223948147445124479e-01
-7.938426466747880439e-02
-5.709996719428516582e-02
7.999287383938009921e-02
-2.482473800761347826e-01
8.710719049571359618e-02
-8.922171736435786926e-02
-1.523171651741846433e-01
4.472115954404023291e-02
1.299167838457852830e-01
-3.120667818795017645e-01
4.223113042361875853e-03
-1.602807782213897247e-01
1.268369872999214054e-01
1.922609000912610042e-02
-1.208898183354671987e-02
-3.738507466697867099e-02
-1.546861757227080969e-01
-3.319960985731511965e-02
-1.238539493939977976e-01
-1.890533920309377669e-01
1.082328827259071286e-01
-6.086155177004873296e-02
-2.718109086235153127e-01
-1.919363809234284346e-01
2.433269942139691389e-01
5.655073629335519714e-01
-1.237182639826564651e-01
-3.298218533436351324e-02
-2.424494853921908277e-01
-1.353266263142862136e-01
-2.515950107759984400e-01
-4.744603866314951734e-02
2.000678145287043130e-01
-1.981141827505161213e-01
3.960184932468419627e-01
-1.986042199869382519e-01
-5.818566890740568820e-02
-2.934236888218909045e-01
1.054283794787516659e-01
-5.900564491055271948e-02
7.517147068172058688e-02
-1.520292686194458787e-01
-3.025952661211820383e-01
2.147022805850397897e-01
-4.795290170078898850e-02
2.132085609804601212e-01
4.143404328323742059e-01
8.437215511815900071e-02
1.751615808461792767e-01
1.890027387039190931e-01
-1.872872938699227802e-02
1.734781073854661446e-02
1.100831008838251829e-01
1.695686864042456610e-01
5.646255907622423596e-03
-6.324287567614636507e-02
-2.817872884544603274e-01
1.129548561392708650e-01
2.713953477077860055e-01
-3.053363727385852155e-01
1.848868750645085365e-02
