-1.607651846617265531e-03
3.933940044744244635e-01
1.084132311375677754e-01
-1.789682489527645234e-02
-2.489592368696250287e-03
-6.307748566211195118e-02
7.619394914679278319e-02
-1.007637557181000065e-01
-6.111163332498345882e-03
-2.568320347242714630e-01
-1.696592221018292101e-01
-9.488727140934298532e-02
1.751673395552238999e-01
-7.497933027912782877e-02
7.919663842158769507e-02
-3.321053372099508905e-01
6.871293753604679200e-02
-2.610091675937273314e-01
5.336106706827611207e-02
8.832821667839596547e-02
-1.127223483928033350e-02
3.069895249943620230e-02
-1.433673400699702616e-01
5.847389602217993587e-02
-2.069788449246046658e-01
-3.012800772850907083e-01
-3.649110632592483805e-02
-2.089484408467374987e-01
1.653691969113424420e-01
3.338367032873280071e-01
3.103383026554498714e-01
-1.636062684876758988e-01
1.142878732765763017e-01
2.321680586578117600e-01
2.909641905559920763e-02
-1.682142970887213762e-01
-2.039027170755967552e-02
-1.082247133698509278e-01
2.125361458325356889e-01
6.021014310029986633e-02
-8.930109002059812007e-02
9.366754839635070551e-02
-1.258017912212594791e-01
7.632687206994863936e-03
-2.114511555794236775e-01
-1.207649201836461378e-01
4.541941634318456822e-02
1.793382072614299050e-01
-2.199590319723463139e-01
-3.407325681445060733e-02
-9.750954130568596778e-02
1.131956685164005882e-01
8.722848575440497396e-03
4.402853819249453321e-02
-3.451494214557159629e-02
-8.264371585344372495e-02
-1.341329823990711489e-01
-2.030036225367118363e-01
-1.193409529362433885e-01
1.616575109994562442e-01
-9.686582163432795600e-02
-1.348153165225061401e-01
-2.746083623757418213e-01
1.831418964768352087e-01
5.361662038352364990e-01
-2.340417872129763044e-01
-2.497406707425279260e-01
-2.139196814950160008e-01
-2.215838911608348505e-01
-3.883963393357892646e-01
-5.192688542488183012e-02
1.333614561441042456e-01
-7.197100266485530196e-02
3.647823778690246765e-01
-2.683542483589715366e-01
-9.708670938533603412e-02
-2.397652741618990224e-01
1.509162456138071762e-01
-8.228155947594714692e-02
-3.459333212060086704e-02
-9.539628377506886858e-02
-2.770412082789964758e-01
2.203669567528527828e-01
-1.107296325461147590e-01
1.487979850993534359e-01
4.331606541048078074e-01
6.664796325749432204e-02
2.380914602822812864e-01
1.415165302167141481e-01
6.427957437775749794e-02
9.999197877557747249e-02
4.724791917487296961e-02
2.189548605470157117e-01
1.326264780253671137e-02
-1.984989185166222692e-01
-2.055496554091280625e-01
1.316712811601415123e-01
3.589334378834643235e-01
-3.641363859337943265e-01
4.343271526291941909e-02
