-8.108593687962090818e-03
3.829950923635994098e-01
9.091231606471987525e-02
8.673246449140446790e-02
-9.012545711390437808e-02
-4.928932899963997527e-02
1.055169943350529882e-02
-8.180139868313239526e-02
1.673415211280659953e-01
-2.161457073682593877e-01
-1.308943481842381185e-01
-5.697451019290065977e-02
1.814650703094057016e-01
-2.480510068467877416e-01
1.958611913391255788e-01
-3.283209273414242624e-01
-5.145933926068541747e-02
-1.154903757518955659e-01
-3.019374584601748537e-03
2.530612314252981068e-02
1.905598835169618477e-01
4.175170290372556131e-02
-1.337182210898766044e-01
4.080381009742499454e-02
-1.950868990287066562e-01
-1.735001696136942717e-01
-7.870240894974106505e-02
-3.542744051775939540e-01
2.233581098659510877e-01
2.653064506187561844e-01
3.584924447276289228e-01
-9.379618967305139443e-02
1.858913862028173936e-01
3.010325234767700087e-01
1.828521277223314409e-02
-1.613094278552111294e-01
-4.384696899381067270e-02
-3.051317713873845094e-01
2.007873776490755602e-01
-3.179601307160088292e-02
-3.267320663860392993e-02
4.392821573659718565e-02
-1.397805836509972421e-01
1.809635955123378714e-01
-1.478598738266598545e-01
-1.578044886497544097e-01
1.993416235708291560e-04
9.435533584069667745e-02
-2.324164164453996206e-01
2.595291920523676646e-02
-1.981458226985682580e-01
1.726696344816850415e-01
6.193089042420661661e-02
-1.470122507603336369e-02
2.859113335753569324e-02
-3.134631937635796312e-02
-8.677983538262427909e-03
-2.391547891145039961e-01
-7.874815076606214714e-02
2.197649215628939834e-01
-2.314657053488883287e-01
-1.511667187414353908e-01
-1.725888966235317457e-01
2.368868874415518688e-01
5.944676811969469288e-01
-2.319640028087185668e-01
-1.340634841638218000e-01
-2.328263323842769683e-01
-1.565536212023982410e-01
-3.205817775202116637e-01
2.464040949578500533e-02
4.115892272435187765e-02
-1.110276804556922271e-02
4.347015875280790254e-01
-3.027738436820014978e-01
-6.710121214171753390e-02
-3.818065283509592400e-01
1.988994366201084218e-01
-1.506224668414760624e-02
1.277812832360348053e-02
-1.161237433848399947e-01
-2.374726849985087096e-01
3.334073550308064293e-01
-1.903900386588204541e-02
2.691615321821281825e-01
4.248900849756503950e-01
2.302909362137258581e-02
8.688094166831837606e-02
2.687194736984868659e-01
-4.648186620472678776e-02
4.574611865719484943e-02
9.790697760532594829e-02
1.242235208795006846e-01
1.104688674344548108e-02
-8.123206562503049177e-02
-1.905414934624873324e-01
2.001107790967494027e-01
2.432280391572959888e-01
-2.473550700464300645e-01
1.629066314762606105e-01
